{
  "period": "2026-01-01 00:00:00+00:00 to 2026-04-30 23:59:59+00:00",
  "window_secs": 60,
  "results": {
    "BTCUSDT": {
      "win_trades": 18,
      "loss_trades": 18,
      "m_win": [
        [
          0.7872340425531915,
          0.07156673114119923,
          0.0851063829787234,
          0.05609284332688588
        ],
        [
          0.26174496644295303,
          0.31543624161073824,
          0.174496644295302,
          0.2483221476510067
        ],
        [
          0.26490066225165565,
          0.17218543046357615,
          0.33112582781456956,
          0.23178807947019867
        ],
        [
          0.1111111111111111,
          0.13261648745519714,
          0.1111111111111111,
          0.6451612903225806
        ]
      ],
      "m_loss": [
        [
          0.5240793201133145,
          0.12464589235127478,
          0.21246458923512748,
          0.1388101983002833
        ],
        [
          0.24170616113744076,
          0.2890995260663507,
          0.22274881516587677,
          0.24644549763033174
        ],
        [
          0.2702702702702703,
          0.14285714285714285,
          0.36293436293436293,
          0.22393822393822393
        ],
        [
          0.16117216117216118,
          0.24175824175824176,
          0.1684981684981685,
          0.42857142857142855
        ]
      ],
      "avg_llr_win": 6.123899433415299,
      "avg_llr_loss": -4.964312156632284,
      "orig_win_rate": 50.0,
      "filtered_win_rate": 75.0,
      "filtered_total": 12
    },
    "ETHUSDT": {
      "win_trades": 16,
      "loss_trades": 16,
      "m_win": [
        [
          0.69,
          0.085,
          0.1275,
          0.0975
        ],
        [
          0.1875,
          0.3181818181818182,
          0.26704545454545453,
          0.22727272727272727
        ],
        [
          0.2640449438202247,
          0.19101123595505617,
          0.33146067415730335,
          0.21348314606741572
        ],
        [
          0.18018018018018017,
          0.22522522522522523,
          0.12612612612612611,
          0.46846846846846846
        ]
      ],
      "m_loss": [
        [
          0.5875706214689266,
          0.15819209039548024,
          0.1638418079096045,
          0.0903954802259887
        ],
        [
          0.29891304347826086,
          0.33695652173913043,
          0.11956521739130435,
          0.24456521739130435
        ],
        [
          0.3063583815028902,
          0.12716763005780346,
          0.35260115606936415,
          0.2138728323699422
        ],
        [
          0.13584905660377358,
          0.15471698113207547,
          0.12075471698113208,
          0.5886792452830188
        ]
      ],
      "avg_llr_win": 2.5032514422702166,
      "avg_llr_loss": -2.4996095643126828,
      "orig_win_rate": 50.0,
      "filtered_win_rate": 80.0,
      "filtered_total": 15
    }
  },
  "elapsed_seconds": 938.02
}